versioninfo
{
	"editorversion" "400"
	"editorbuild" "5004"
	"mapversion" "5"
	"formatversion" "100"
	"prefab" "0"
}
visgroups
{
}
viewsettings
{
	"bSnapToGrid" "1"
	"bShowGrid" "1"
	"bShowLogicalGrid" "0"
	"nGridSpacing" "64"
	"bShow3DGrid" "0"
}
world
{
	"id" "1"
	"mapversion" "5"
	"classname" "worldspawn"
	"detailmaterial" "detail/detailsprites"
	"detailvbsp" "detail.vbsp"
	"maxpropscreenwidth" "-1"
	"skyname" "sky_day01_01"
	solid
	{
		"id" "2"
		side
		{
			"id" "1"
			"plane" "(0 0 0) (0 453.748 0) (453.748 453.748 0)"
			"material" "PRE-MODEL/SHIELD"
			"uaxis" "[1 0 0 0] 0.25"
			"vaxis" "[0 -1 0 0] 0.25"
			"rotation" "0"
			"lightmapscale" "16"
			"smoothing_groups" "0"
			dispinfo
			{
				"power" "4"
				"startposition" "[0 0 0]"
				"flags" "0"
				"elevation" "0"
				"subdiv" "0"
				normals
				{
					"row0" "0.707107 0.707107 0 0.775667 0.631142 0 0.896204 0.443642 0 0.99886 0.0477416 0 0.841295 -0.540576 0 0.528427 -0.848979 0 0.27425 -0.961658 0 0.123517 -0.992342 0 0.00434135 -0.999991 0 -0.114715 -0.993398 0 -0.264881 -0.964281 0 -0.519786 -0.854297 0 -0.837249 -0.546822 0 -0.998832 0.0483218 0 -0.894616 0.446835 0 -0.782033 0.623237 0 -0.705163 0.709045 0"
					"row1" "0.631142 0.775667 0 0.356507 0.356507 0.8636 0.256393 0.0509782 0.965227 0.150553 -0.272882 0.950194 0.0798022 -0.478491 0.874459 0.0349471 -0.608319 0.792923 0.0123833 -0.679853 0.733244 0.00676854 -0.716508 0.697546 0.001739 -0.723212 0.690624 -0.00325575 -0.716521 0.697558 -0.00869105 -0.679879 0.733272 -0.0309578 -0.608399 0.793027 -0.0754244 -0.478655 0.874758 -0.164403 -0.272272 0.948071 -0.269811 0.0507853 0.961573 -0.367709 0.354846 0.859578 -0.627827 0.778353 0"
					"row2" "0.443642 0.896204 0 0.0509782 0.256393 0.965227 0.033447 0.033447 0.998881 -0.0208591 -0.177878 0.983832 -0.0426382 -0.333631 0.941739 -0.0528884 -0.444532 0.8942 -0.0363503 -0.513632 0.85724 -0.0214086 -0.550944 0.834267 0.00106195 -0.562762 0.826618 0.023551 -0.550918 0.834227 0.0385497 -0.513589 0.85717 0.0460772 -0.444682 0.894503 0.045053 -0.333595 0.941639 0.0233857 -0.177868 0.983777 -0.0308829 0.0334497 0.998963 -0.0461284 0.256453 0.965455 -0.437199 0.899365 0"
					"row3" "0.0477416 0.99886 0 -0.272882 0.150553 0.950194 -0.177878 -0.0208591 0.983832 -0.0636684 -0.0636684 0.995938 -0.0785509 -0.206578 0.975272 -0.0784425 -0.319705 0.944264 -0.0591257 -0.394434 0.91702 -0.0286583 -0.432129 0.901356 0.00079284 -0.447605 0.894231 0.0302552 -0.432109 0.901314 0.0607459 -0.394395 0.916931 0.0801064 -0.319663 0.944139 0.0802693 -0.206549 0.975138 0.0584395 -0.0636888 0.996257 0.180324 -0.0208497 0.983386 0.259646 0.151125 0.953806 -0.0357382 0.999361 0"
					"row4" "-0.540576 0.841295 0 -0.478491 0.0798022 0.874459 -0.333631 -0.0426382 0.941739 -0.206578 -0.0785509 0.975272 -0.07926 -0.07926 0.993698 -0.0851531 -0.201812 0.975716 -0.0642763 -0.282565 0.957092 -0.0338893 -0.335194 0.94154 0.00065181 -0.349135 0.937072 0.0351976 -0.335178 0.941497 0.0656021 -0.28254 0.95701 0.0811471 -0.201879 0.976043 0.0806335 -0.0792513 0.993588 0.208232 -0.0785228 0.974922 0.335778 -0.0426037 0.940977 0.481876 0.0796338 0.872613 0.511 0.859581 0"
					"row5" "-0.848979 0.528427 0 -0.608319 0.0349471 0.792923 -0.444532 -0.0528884 0.8942 -0.319705 -0.0784425 0.944264 -0.201812 -0.0851531 0.975716 -0.0737565 -0.0737565 0.994545 -0.0652962 -0.174345 0.982517 -0.0387723 -0.240408 0.969897 0.00057113 -0.257647 0.966239 0.0399171 -0.240398 0.969853 0.0664527 -0.174332 0.982442 0.0702808 -0.0737751 0.994795 0.197938 -0.0852218 0.976503 0.321207 -0.0784004 0.943758 0.439029 -0.0530484 0.896905 0.610825 0.0348623 0.790998 0.852245 0.523143 0"
					"row6" "-0.961658 0.27425 0 -0.679853 0.0123833 0.733244 -0.513632 -0.0363503 0.85724 -0.394434 -0.0591257 0.91702 -0.282565 -0.0642763 0.957092 -0.174345 -0.0652962 0.982517 -0.051155 -0.051155 0.99738 -0.0397051 -0.14253 0.988994 0.00052339 -0.171092 0.985255 0.0365872 -0.142547 0.989112 0.0522118 -0.0511522 0.997325 0.175471 -0.065283 0.982318 0.283789 -0.0642521 0.956732 0.390342 -0.059238 0.918762 0.508789 -0.0364723 0.860118 0.681831 0.0123523 0.731405 0.962407 0.271613 0"
					"row7" "-0.992342 0.123517 0 -0.716508 0.00676854 0.697546 -0.550944 -0.0214086 0.834267 -0.432129 -0.0286583 0.901356 -0.335194 -0.0338893 0.94154 -0.240408 -0.0387723 0.969897 -0.14253 -0.0397051 0.988994 -0.025938 -0.025938 0.999327 0.00049976 -0.0854033 0.996346 0.0269398 -0.0259374 0.9993 0.139469 -0.0397226 0.989429 0.237194 -0.0388039 0.970687 0.331732 -0.0339334 0.942763 0.433428 -0.0286384 0.900733 0.546485 -0.0214837 0.837193 0.711372 0.00681936 0.702783 0.992477 0.122433 0"
					"row8" "-0.999991 0.00434135 0 -0.723212 0.001739 0.690624 -0.562762 0.00106195 0.826618 -0.447605 0.00079284 0.894231 -0.349135 0.00065181 0.937072 -0.257647 0.00057113 0.966239 -0.171092 0.00052339 0.985255 -0.0854033 0.00049976 0.996346 0.0004918 0.0004918 1 0.0863954 0.00049972 0.996261 0.172108 0.0005233 0.985078 0.258713 0.00057096 0.965954 0.350279 0.00065151 0.936645 0.448872 0.00079228 0.893596 0.558427 0.00106572 0.829553 0.724864 0.00173463 0.68889 0.999991 0.00430398 0"
					"row9" "-0.993398 -0.114715 0 -0.716521 -0.00325575 0.697558 -0.550918 0.023551 0.834227 -0.432109 0.0302552 0.901314 -0.335178 0.0351976 0.941497 -0.240398 0.0399171 0.969853 -0.142547 0.0365872 0.989112 -0.0259374 0.0269398 0.9993 0.00049972 0.0863954 0.996261 0.0269391 0.0269391 0.999274 0.139486 0.0366034 0.989547 0.237184 0.0399496 0.970643 0.331717 0.0352433 0.94272 0.433407 0.0302342 0.900691 0.546458 0.0236336 0.837153 0.711384 -0.0032802 0.702795 0.993514 -0.113706 0"
					"row10" "-0.964281 -0.264881 0 -0.679879 -0.00869105 0.733272 -0.513589 0.0385497 0.85717 -0.394395 0.0607459 0.916931 -0.28254 0.0656021 0.95701 -0.174332 0.0664527 0.982442 -0.0511522 0.0522118 0.997325 -0.0397226 0.139469 0.989429 0.0005233 0.172108 0.985078 0.0366034 0.139486 0.989547 0.0522089 0.0522089 0.997271 0.175458 0.0664392 0.982243 0.283765 0.0655774 0.956649 0.390304 0.0608613 0.918672 0.508747 0.0386791 0.860047 0.681858 -0.00866925 0.731434 0.964981 -0.262321 0"
					"row11" "-0.854297 -0.519786 0 -0.608399 -0.0309578 0.793027 -0.444682 0.0460772 0.894503 -0.319663 0.0801064 0.944139 -0.201879 0.0811471 0.976043 -0.0737751 0.0702808 0.994795 -0.065283 0.175471 0.982318 -0.0388039 0.237194 0.970687 0.00057096 0.258713 0.965954 0.0399496 0.237184 0.970643 0.0664392 0.175458 0.982243 0.0702985 0.0702985 0.995046 0.198004 0.0812126 0.976831 0.321165 0.0800634 0.943633 0.439178 0.0462166 0.89721 0.610905 -0.0308826 0.791101 0.857476 -0.514523 0"
					"row12" "-0.546822 -0.837249 0 -0.478655 -0.0754244 0.874758 -0.333595 0.045053 0.941639 -0.206549 0.0802693 0.975138 -0.0792513 0.0806335 0.993588 -0.0852218 0.197938 0.976503 -0.0642521 0.283789 0.956732 -0.0339334 0.331732 0.942763 0.00065151 0.350279 0.936645 0.0352433 0.331717 0.94272 0.0655774 0.283765 0.956649 0.0812126 0.198004 0.976831 0.0806246 0.0806246 0.993478 0.208204 0.0802405 0.974788 0.335743 0.0450166 0.940877 0.48204 -0.0752651 0.872911 0.517169 -0.855883 0"
					"row13" "0.0483218 -0.998832 0 -0.272272 -0.164403 0.948071 -0.177868 0.0233857 0.983777 -0.0636888 0.0584395 0.996257 -0.0785228 0.208232 0.974922 -0.0784004 0.321207 0.943758 -0.059238 0.390342 0.918762 -0.0286384 0.433428 0.900733 0.00079228 0.448872 0.893596 0.0302342 0.433407 0.900691 0.0608613 0.390304 0.918672 0.0800634 0.321165 0.943633 0.0802405 0.208204 0.974788 0.0584583 0.0584583 0.996577 0.180314 0.0233751 0.983331 0.259061 -0.165025 0.951658 -0.0361729 -0.999345 0"
					"row14" "0.446835 -0.894616 0 0.0507853 -0.269811 0.961573 0.0334497 -0.0308829 0.998963 -0.0208497 0.180324 0.983386 -0.0426037 0.335778 0.940977 -0.0530484 0.439029 0.896905 -0.0364723 0.508789 0.860118 -0.0214837 0.546485 0.837193 0.00106572 0.558427 0.829553 0.0236336 0.546458 0.837153 0.0386791 0.508747 0.860047 0.0462166 0.439178 0.89721 0.0450166 0.335743 0.940877 0.0233751 0.180314 0.983331 -0.0308854 -0.0308854 0.999046 -0.0459537 -0.269874 0.961798 -0.440368 -0.897817 0"
					"row15" "0.623237 -0.782033 0 0.354846 -0.367709 0.859578 0.256453 -0.0461284 0.965455 0.151125 0.259646 0.953806 0.0796338 0.481876 0.872613 0.0348623 0.610825 0.790998 0.0123523 0.681831 0.731405 0.00681936 0.711372 0.702783 0.00173463 0.724864 0.68889 -0.0032802 0.711384 0.702795 -0.00866925 0.681858 0.731434 -0.0308826 0.610905 0.791101 -0.0752651 0.48204 0.872911 -0.165025 0.259061 0.951658 -0.269874 -0.0459537 0.961798 -0.366012 -0.366012 0.855611 -0.619911 -0.784672 0"
					"row16" "0.709045 -0.705163 0 0.778353 -0.627828 0 0.899365 -0.437199 0 0.999361 -0.0357382 0 0.859581 0.511 0 0.523143 0.852245 0 0.271613 0.962407 0 0.122433 0.992477 0 0.00430398 0.999991 0 -0.113706 0.993514 0 -0.262321 0.964981 0 -0.514523 0.857476 0 -0.855883 0.517169 0 -0.999345 -0.0361729 0 -0.897817 -0.440368 0 -0.784672 -0.619911 0 -0.707107 -0.707107 0"
				}
				distances
				{
					"row0" "65.0538 45.9485 31.557 20.9461 18.4988 21.202 24.9569 28.2161 29.0003 28.1861 24.889 21.07 18.2875 20.6946 31.3315 46.5312 64.876"
					"row1" "45.9485 57.8971 51.8013 52.6208 57.1782 63.0578 68.1901 71.6799 72.3983 71.6786 68.1875 63.0495 57.1587 52.7386 51.9981 58.1681 45.79"
					"row2" "31.557 51.8013 98.1098 99.6106 104.063 109.595 114.32 117.468 118.555 117.474 114.33 109.558 104.074 99.6161 98.1017 51.789 31.4461"
					"row3" "20.9461 52.6208 99.6106 142.579 145.6 150.382 154.849 157.54 158.796 157.548 154.864 150.402 145.62 142.533 99.6556 52.4216 20.9356"
					"row4" "18.4988 57.1782 104.063 145.6 182.148 185.505 189.115 192.238 193.155 192.247 189.131 185.443 182.168 145.653 104.147 57.2991 18.1053"
					"row5" "21.202 63.0578 109.595 150.382 185.505 214.168 216.79 219.611 220.442 219.621 216.807 214.114 185.355 150.462 109.265 63.2113 21.4161"
					"row6" "24.9569 68.1901 114.32 154.849 189.115 216.79 237.623 239.637 240.547 239.609 237.636 216.834 189.186 154.556 113.938 68.3616 25.1991"
					"row7" "28.2161 71.6799 117.468 157.54 192.238 219.611 239.637 251.169 251.92 251.176 239.532 219.432 191.989 157.649 117.058 71.1457 28.466"
					"row8" "29.0003 72.3983 118.555 158.796 193.155 220.442 240.547 251.92 256 251.942 240.59 220.507 193.243 158.909 118.136 72.5806 29.2521"
					"row9" "28.1861 71.6786 117.474 157.548 192.247 219.621 239.609 251.176 251.942 251.182 239.503 219.442 191.997 157.657 117.063 71.1444 28.4362"
					"row10" "24.889 68.1875 114.33 154.864 189.131 216.807 237.636 239.532 240.59 239.503 237.649 216.851 189.202 154.571 113.947 68.3589 25.1319"
					"row11" "21.07 63.0495 109.558 150.402 185.443 214.114 216.834 219.432 220.507 219.442 216.851 214.061 185.293 150.482 109.228 63.203 21.2855"
					"row12" "18.2875 57.1587 104.074 145.62 182.168 185.355 189.186 191.989 193.243 191.997 189.202 185.293 182.188 145.673 104.158 57.2796 17.8893"
					"row13" "20.6946 52.7386 99.6161 142.533 145.653 150.462 154.556 157.649 158.909 157.657 154.571 150.482 145.673 142.488 99.6612 52.5399 20.684"
					"row14" "31.3315 51.9981 98.1017 99.6556 104.147 109.265 113.938 117.058 118.136 117.063 113.947 109.228 104.158 99.6612 98.0936 51.986 31.2198"
					"row15" "46.5312 58.1681 51.789 52.4216 57.2991 63.2113 68.3616 71.1457 72.5806 71.1444 68.3589 63.203 57.2796 52.5399 51.986 58.4378 46.3747"
					"row16" "64.876 45.79 31.4461 20.9356 18.1053 21.4161 25.1991 28.466 29.2521 28.4362 25.1319 21.2855 17.8893 20.684 31.2198 46.3747 64.6977"
				}
				offsets
				{
					"row0" "0 0 0 0 0 0 0 0 0 0 0 0 0 0 0 0 0 0 0 0 0 0 0 0 0 0 0 0 0 0 0 0 0 0 0 0 0 0 0 0 0 0 0 0 0 0 0 0 0 0 0"
					"row1" "0 0 0 0 0 0 0 0 0 0 0 0 0 0 0 0 0 0 0 0 0 0 0 0 0 0 0 0 0 0 0 0 0 0 0 0 0 0 0 0 0 0 0 0 0 0 0 0 0 0 0"
					"row2" "0 0 0 0 0 0 0 0 0 0 0 0 0 0 0 0 0 0 0 0 0 0 0 0 0 0 0 0 0 0 0 0 0 0 0 0 0 0 0 0 0 0 0 0 0 0 0 0 0 0 0"
					"row3" "0 0 0 0 0 0 0 0 0 0 0 0 0 0 0 0 0 0 0 0 0 0 0 0 0 0 0 0 0 0 0 0 0 0 0 0 0 0 0 0 0 0 0 0 0 0 0 0 0 0 0"
					"row4" "0 0 0 0 0 0 0 0 0 0 0 0 0 0 0 0 0 0 0 0 0 0 0 0 0 0 0 0 0 0 0 0 0 0 0 0 0 0 0 0 0 0 0 0 0 0 0 0 0 0 0"
					"row5" "0 0 0 0 0 0 0 0 0 0 0 0 0 0 0 0 0 0 0 0 0 0 0 0 0 0 0 0 0 0 0 0 0 0 0 0 0 0 0 0 0 0 0 0 0 0 0 0 0 0 0"
					"row6" "0 0 0 0 0 0 0 0 0 0 0 0 0 0 0 0 0 0 0 0 0 0 0 0 0 0 0 0 0 0 0 0 0 0 0 0 0 0 0 0 0 0 0 0 0 0 0 0 0 0 0"
					"row7" "0 0 0 0 0 0 0 0 0 0 0 0 0 0 0 0 0 0 0 0 0 0 0 0 0 0 0 0 0 0 0 0 0 0 0 0 0 0 0 0 0 0 0 0 0 0 0 0 0 0 0"
					"row8" "0 0 0 0 0 0 0 0 0 0 0 0 0 0 0 0 0 0 0 0 0 0 0 0 0 0 0 0 0 0 0 0 0 0 0 0 0 0 0 0 0 0 0 0 0 0 0 0 0 0 0"
					"row9" "0 0 0 0 0 0 0 0 0 0 0 0 0 0 0 0 0 0 0 0 0 0 0 0 0 0 0 0 0 0 0 0 0 0 0 0 0 0 0 0 0 0 0 0 0 0 0 0 0 0 0"
					"row10" "0 0 0 0 0 0 0 0 0 0 0 0 0 0 0 0 0 0 0 0 0 0 0 0 0 0 0 0 0 0 0 0 0 0 0 0 0 0 0 0 0 0 0 0 0 0 0 0 0 0 0"
					"row11" "0 0 0 0 0 0 0 0 0 0 0 0 0 0 0 0 0 0 0 0 0 0 0 0 0 0 0 0 0 0 0 0 0 0 0 0 0 0 0 0 0 0 0 0 0 0 0 0 0 0 0"
					"row12" "0 0 0 0 0 0 0 0 0 0 0 0 0 0 0 0 0 0 0 0 0 0 0 0 0 0 0 0 0 0 0 0 0 0 0 0 0 0 0 0 0 0 0 0 0 0 0 0 0 0 0"
					"row13" "0 0 0 0 0 0 0 0 0 0 0 0 0 0 0 0 0 0 0 0 0 0 0 0 0 0 0 0 0 0 0 0 0 0 0 0 0 0 0 0 0 0 0 0 0 0 0 0 0 0 0"
					"row14" "0 0 0 0 0 0 0 0 0 0 0 0 0 0 0 0 0 0 0 0 0 0 0 0 0 0 0 0 0 0 0 0 0 0 0 0 0 0 0 0 0 0 0 0 0 0 0 0 0 0 0"
					"row15" "0 0 0 0 0 0 0 0 0 0 0 0 0 0 0 0 0 0 0 0 0 0 0 0 0 0 0 0 0 0 0 0 0 0 0 0 0 0 0 0 0 0 0 0 0 0 0 0 0 0 0"
					"row16" "0 0 0 0 0 0 0 0 0 0 0 0 0 0 0 0 0 0 0 0 0 0 0 0 0 0 0 0 0 0 0 0 0 0 0 0 0 0 0 0 0 0 0 0 0 0 0 0 0 0 0"
				}
				offset_normals
				{
					"row0" "0 0 1 0 0 1 0 0 1 0 0 1 0 0 1 0 0 1 0 0 1 0 0 1 0 0 1 0 0 1 0 0 1 0 0 1 0 0 1 0 0 1 0 0 1 0 0 1 0 0 1"
					"row1" "0 0 1 0 0 1 0 0 1 0 0 1 0 0 1 0 0 1 0 0 1 0 0 1 0 0 1 0 0 1 0 0 1 0 0 1 0 0 1 0 0 1 0 0 1 0 0 1 0 0 1"
					"row2" "0 0 1 0 0 1 0 0 1 0 0 1 0 0 1 0 0 1 0 0 1 0 0 1 0 0 1 0 0 1 0 0 1 0 0 1 0 0 1 0 0 1 0 0 1 0 0 1 0 0 1"
					"row3" "0 0 1 0 0 1 0 0 1 0 0 1 0 0 1 0 0 1 0 0 1 0 0 1 0 0 1 0 0 1 0 0 1 0 0 1 0 0 1 0 0 1 0 0 1 0 0 1 0 0 1"
					"row4" "0 0 1 0 0 1 0 0 1 0 0 1 0 0 1 0 0 1 0 0 1 0 0 1 0 0 1 0 0 1 0 0 1 0 0 1 0 0 1 0 0 1 0 0 1 0 0 1 0 0 1"
					"row5" "0 0 1 0 0 1 0 0 1 0 0 1 0 0 1 0 0 1 0 0 1 0 0 1 0 0 1 0 0 1 0 0 1 0 0 1 0 0 1 0 0 1 0 0 1 0 0 1 0 0 1"
					"row6" "0 0 1 0 0 1 0 0 1 0 0 1 0 0 1 0 0 1 0 0 1 0 0 1 0 0 1 0 0 1 0 0 1 0 0 1 0 0 1 0 0 1 0 0 1 0 0 1 0 0 1"
					"row7" "0 0 1 0 0 1 0 0 1 0 0 1 0 0 1 0 0 1 0 0 1 0 0 1 0 0 1 0 0 1 0 0 1 0 0 1 0 0 1 0 0 1 0 0 1 0 0 1 0 0 1"
					"row8" "0 0 1 0 0 1 0 0 1 0 0 1 0 0 1 0 0 1 0 0 1 0 0 1 0 0 1 0 0 1 0 0 1 0 0 1 0 0 1 0 0 1 0 0 1 0 0 1 0 0 1"
					"row9" "0 0 1 0 0 1 0 0 1 0 0 1 0 0 1 0 0 1 0 0 1 0 0 1 0 0 1 0 0 1 0 0 1 0 0 1 0 0 1 0 0 1 0 0 1 0 0 1 0 0 1"
					"row10" "0 0 1 0 0 1 0 0 1 0 0 1 0 0 1 0 0 1 0 0 1 0 0 1 0 0 1 0 0 1 0 0 1 0 0 1 0 0 1 0 0 1 0 0 1 0 0 1 0 0 1"
					"row11" "0 0 1 0 0 1 0 0 1 0 0 1 0 0 1 0 0 1 0 0 1 0 0 1 0 0 1 0 0 1 0 0 1 0 0 1 0 0 1 0 0 1 0 0 1 0 0 1 0 0 1"
					"row12" "0 0 1 0 0 1 0 0 1 0 0 1 0 0 1 0 0 1 0 0 1 0 0 1 0 0 1 0 0 1 0 0 1 0 0 1 0 0 1 0 0 1 0 0 1 0 0 1 0 0 1"
					"row13" "0 0 1 0 0 1 0 0 1 0 0 1 0 0 1 0 0 1 0 0 1 0 0 1 0 0 1 0 0 1 0 0 1 0 0 1 0 0 1 0 0 1 0 0 1 0 0 1 0 0 1"
					"row14" "0 0 1 0 0 1 0 0 1 0 0 1 0 0 1 0 0 1 0 0 1 0 0 1 0 0 1 0 0 1 0 0 1 0 0 1 0 0 1 0 0 1 0 0 1 0 0 1 0 0 1"
					"row15" "0 0 1 0 0 1 0 0 1 0 0 1 0 0 1 0 0 1 0 0 1 0 0 1 0 0 1 0 0 1 0 0 1 0 0 1 0 0 1 0 0 1 0 0 1 0 0 1 0 0 1"
					"row16" "0 0 1 0 0 1 0 0 1 0 0 1 0 0 1 0 0 1 0 0 1 0 0 1 0 0 1 0 0 1 0 0 1 0 0 1 0 0 1 0 0 1 0 0 1 0 0 1 0 0 1"
				}
				alphas
				{
					"row0" "0 0 0 0 0 0 0 0 0 0 0 0 0 0 0 0 0"
					"row1" "0 0 0 0 0 0 0 0 0 0 0 0 0 0 0 0 0"
					"row2" "0 0 0 0 0 0 0 0 0 0 0 0 0 0 0 0 0"
					"row3" "0 0 0 0 0 0 0 0 0 0 0 0 0 0 0 0 0"
					"row4" "0 0 0 0 0 0 0 0 0 0 0 0 0 0 0 0 0"
					"row5" "0 0 0 0 0 0 0 0 0 0 0 0 0 0 0 0 0"
					"row6" "0 0 0 0 0 0 0 0 0 0 0 0 0 0 0 0 0"
					"row7" "0 0 0 0 0 0 0 0 0 0 0 0 0 0 0 0 0"
					"row8" "0 0 0 0 0 0 0 0 0 0 0 0 0 0 0 0 0"
					"row9" "0 0 0 0 0 0 0 0 0 0 0 0 0 0 0 0 0"
					"row10" "0 0 0 0 0 0 0 0 0 0 0 0 0 0 0 0 0"
					"row11" "0 0 0 0 0 0 0 0 0 0 0 0 0 0 0 0 0"
					"row12" "0 0 0 0 0 0 0 0 0 0 0 0 0 0 0 0 0"
					"row13" "0 0 0 0 0 0 0 0 0 0 0 0 0 0 0 0 0"
					"row14" "0 0 0 0 0 0 0 0 0 0 0 0 0 0 0 0 0"
					"row15" "0 0 0 0 0 0 0 0 0 0 0 0 0 0 0 0 0"
					"row16" "0 0 0 0 0 0 0 0 0 0 0 0 0 0 0 0 0"
				}
				triangle_tags
				{
					"row0" "0 0 0 0 0 0 0 0 0 0 0 0 0 0 0 0 0 0 0 0 0 0 0 0 0 0 0 0 0 0 0 0"
					"row1" "0 0 0 0 0 0 0 0 0 0 0 0 0 0 0 0 0 0 0 0 0 0 0 0 0 0 0 0 0 0 0 0"
					"row2" "0 0 0 0 0 0 0 0 0 0 0 0 0 0 0 0 0 0 0 0 0 0 0 0 0 0 0 0 0 0 0 0"
					"row3" "0 0 0 0 0 0 0 0 0 0 0 0 0 0 0 0 0 0 0 0 0 0 0 0 0 0 0 0 0 0 0 0"
					"row4" "0 0 0 0 0 0 0 0 1 1 9 1 1 1 1 1 1 1 1 1 1 9 1 1 0 0 0 0 0 0 0 0"
					"row5" "0 0 0 0 0 0 0 0 9 1 9 9 9 9 9 9 9 9 9 9 9 9 1 9 0 0 0 0 0 0 0 0"
					"row6" "0 0 0 0 0 0 0 0 1 1 9 9 9 9 9 9 9 9 9 9 9 9 1 1 0 0 0 0 0 0 0 0"
					"row7" "0 0 0 0 0 0 0 0 1 1 9 9 9 9 9 9 9 9 9 9 9 9 1 1 0 0 0 0 0 0 0 0"
					"row8" "0 0 0 0 0 0 0 0 1 1 9 9 9 9 9 9 9 9 9 9 9 9 1 1 0 0 0 0 0 0 0 0"
					"row9" "0 0 0 0 0 0 0 0 1 1 9 9 9 9 9 9 9 9 9 9 9 9 1 1 0 0 0 0 0 0 0 0"
					"row10" "0 0 0 0 0 0 0 0 9 1 9 9 9 9 9 9 9 9 9 9 9 9 1 9 0 0 0 0 0 0 0 0"
					"row11" "0 0 0 0 0 0 0 0 1 1 9 1 1 1 1 1 1 1 1 1 1 9 1 1 0 0 0 0 0 0 0 0"
					"row12" "0 0 0 0 0 0 0 0 0 0 0 0 0 0 0 0 0 0 0 0 0 0 0 0 0 0 0 0 0 0 0 0"
					"row13" "0 0 0 0 0 0 0 0 0 0 0 0 0 0 0 0 0 0 0 0 0 0 0 0 0 0 0 0 0 0 0 0"
					"row14" "0 0 0 0 0 0 0 0 0 0 0 0 0 0 0 0 0 0 0 0 0 0 0 0 0 0 0 0 0 0 0 0"
					"row15" "0 0 0 0 0 0 0 0 0 0 0 0 0 0 0 0 0 0 0 0 0 0 0 0 0 0 0 0 0 0 0 0"
				}
				allowed_verts
				{
					"10" "-1 -1 -1 -1 -1 -1 -1 -1 -1 -1"
				}
			}
		}
		side
		{
			"id" "2"
			"plane" "(0 453.748 -64) (0 0 -64) (453.748 0 -64)"
			"material" "CONCRETE/CONCRETEFLOOR005A"
			"uaxis" "[1 0 0 0] 0.25"
			"vaxis" "[0 -1 0 0] 0.25"
			"rotation" "0"
			"lightmapscale" "16"
			"smoothing_groups" "0"
		}
		side
		{
			"id" "3"
			"plane" "(0 0 -64) (0 453.748 -64) (0 453.748 0)"
			"material" "CONCRETE/CONCRETEFLOOR005A"
			"uaxis" "[0 1 0 0] 0.25"
			"vaxis" "[0 0 -1 0] 0.25"
			"rotation" "0"
			"lightmapscale" "16"
			"smoothing_groups" "0"
		}
		side
		{
			"id" "4"
			"plane" "(453.748 453.748 -64) (453.748 0 -64) (453.748 0 0)"
			"material" "CONCRETE/CONCRETEFLOOR005A"
			"uaxis" "[0 1 0 0] 0.25"
			"vaxis" "[0 0 -1 0] 0.25"
			"rotation" "0"
			"lightmapscale" "16"
			"smoothing_groups" "0"
		}
		side
		{
			"id" "5"
			"plane" "(0 453.748 -64) (453.748 453.748 -64) (453.748 453.748 0)"
			"material" "CONCRETE/CONCRETEFLOOR005A"
			"uaxis" "[1 0 0 0] 0.25"
			"vaxis" "[0 0 -1 0] 0.25"
			"rotation" "0"
			"lightmapscale" "16"
			"smoothing_groups" "0"
		}
		side
		{
			"id" "6"
			"plane" "(453.748 0 -64) (0 0 -64) (0 0 0)"
			"material" "CONCRETE/CONCRETEFLOOR005A"
			"uaxis" "[1 0 0 0] 0.25"
			"vaxis" "[0 0 -1 0] 0.25"
			"rotation" "0"
			"lightmapscale" "16"
			"smoothing_groups" "0"
		}
		editor
		{
			"color" "0 173 190"
			"visgroupshown" "1"
			"visgroupautoshown" "1"
		}
	}
}
entity
{
	"id" "3"
	"classname" "propper_options"
	"autocenter" "2"
	"collisions" "0"
	"concave" "0"
	"disp_nowarp" "1"
	"materialpath" "models/ctf_havoc/reset_fields/dome_radius_256"
	"modelname" "ctf_havoc/reset_fields/dome_radius_256"
	"origin" "226.88 226.88 -0.01"
	"scale" "1.0"
	"smoothangle" "45"
	"smoothing" "1"
	"sourcefolder" "c:/propsource/ctf_havoc_dome_radius_256"
	"surfaceprop" "no_decal"
	"weldvertices" ".01"
	editor
	{
		"color" "255 150 0"
		"visgroupshown" "1"
		"visgroupautoshown" "1"
		"logicalpos" "[0 0]"
	}
}
cameras
{
	"activecamera" "-1"
}
cordon
{
	"mins" "(-1024 -1024 -1024)"
	"maxs" "(1024 1024 1024)"
	"active" "0"
}
